%YAML:1.0
---
calibration_time: "Thu Mar 10 11:25:34 2022"
nframes: 10
image_width: 1280
image_height: 720
board_width: 11
board_height: 8
square_size: 2.5000000372529030e-02
aspectRatio: 1.
flags: 2
camera_matrix: !!opencv-matrix
   rows: 3
   cols: 3
   dt: d
   data: [ 9.7253692059887840e+02, 0., 6.1004853778175857e+02, 0.,
       9.7253692059887840e+02, 3.7235186240766433e+02, 0., 0., 1. ]
distortion_coefficients: !!opencv-matrix
   rows: 5
   cols: 1
   dt: d
   data: [ 6.9646177850846537e-03, 1.2406174219342044e-01,
       1.7811730534002747e-03, -2.0267891276367126e-03,
       -2.5395460972580575e-01 ]
avg_reprojection_error: 2.9621409952918804e-01
per_view_reprojection_errors: !!opencv-matrix
   rows: 10
   cols: 1
   dt: f
   data: [ 2.50240982e-01, 2.39120916e-01, 4.20175016e-01,
       2.24159345e-01, 2.20637038e-01, 1.25315756e-01, 2.33460844e-01,
       3.66162837e-01, 4.43089277e-01, 2.85555691e-01 ]
extrinsic_parameters: !!opencv-matrix
   rows: 10
   cols: 6
   dt: d
   data: [ -8.7294786263994784e-01, 2.7683415617544066e-01,
       2.9608904224200376e+00, -1.6373577754388450e-03,
       5.7317175509275023e-02, 5.8485944709991244e-01,
       -7.6326219162142706e-01, 1.4862519543855499e-01,
       2.9452654759377901e+00, 2.0089041391367565e-01,
       5.0232548438032751e-02, 5.5200198116769084e-01,
       -8.7076943024262976e-01, 1.2563239574185037e-01,
       2.8023913518744852e+00, 2.1364475580453856e-03,
       3.8805448491240971e-02, 7.2297340276316113e-01,
       -8.8185843371980832e-01, 5.6218043789990221e-02,
       2.8462561721743356e+00, 1.8215865945849128e-03,
       6.0294181239420146e-03, 7.1944903062452281e-01,
       -7.7054767068638896e-01, 3.2495077880513229e-02,
       2.9200890531053063e+00, 7.8732584540121719e-02,
       6.7545745131853902e-03, 7.1875748286370689e-01,
       -2.8060089966876894e-01, -1.2843481750081012e-01,
       2.8644115807189019e+00, 1.5580399087976510e-01,
       -4.7875983522092776e-02, 6.5138617251219011e-01,
       8.0393117084993734e-02, -9.3986782606393107e-02,
       2.8136080963248582e+00, 2.1509429271703984e-01,
       -5.0840083187940692e-02, 6.0270032844217314e-01,
       -4.3341392520008598e-02, 1.9789213656157023e-01,
       2.9664011314468017e+00, 9.9863275673242241e-02,
       8.8043818660828735e-02, 6.0702352043489372e-01,
       8.5815503322369557e-01, 2.0002700936805606e-01,
       3.0049513727054582e+00, 2.8201747793824428e-01,
       1.4810481652055804e-01, 5.4724103556912018e-01,
       -8.6067828824008974e-01, 4.3286972110790467e-01,
       -2.8768282795967410e+00, 2.5850339864409000e-01,
       7.6373255496292539e-03, 5.3593822591588391e-01 ]
image_points: !!opencv-matrix
   rows: 10
   cols: 88
   dt: "2f"
   data: [ 6.07004517e+02, 4.67382172e+02, 5.71377197e+02,
       4.69463531e+02, 5.34025208e+02, 4.71371979e+02, 4.94448242e+02,
       4.73466797e+02, 4.52532074e+02, 4.75578400e+02, 4.08640076e+02,
       4.78001953e+02, 3.62480804e+02, 4.80588989e+02, 3.13606323e+02,
       4.83386780e+02, 2.61906799e+02, 4.85876709e+02, 2.06579041e+02,
       4.89258514e+02, 1.48320557e+02, 4.92275848e+02, 6.03504822e+02,
       4.26126312e+02, 5.68152771e+02, 4.27268524e+02, 5.30471680e+02,
       4.27926392e+02, 4.90898560e+02, 4.29330933e+02, 4.50128632e+02,
       4.30030304e+02, 4.06457794e+02, 4.31389282e+02, 3.60488922e+02,
       4.32658173e+02, 3.11801361e+02, 4.33497437e+02, 2.60418091e+02,
       4.35275940e+02, 2.05334503e+02, 4.36692657e+02, 1.47288925e+02,
       4.37929047e+02, 6.00105896e+02, 3.85484924e+02, 5.64375427e+02,
       3.85502563e+02, 5.26907410e+02, 3.85487610e+02, 4.88198547e+02,
       3.85414948e+02, 4.46706635e+02, 3.85405792e+02, 4.03621674e+02,
       3.85406219e+02, 3.58133789e+02, 3.85371185e+02, 3.09503448e+02,
       3.85340881e+02, 2.58471954e+02, 3.85223785e+02, 2.04447327e+02,
       3.85173065e+02, 1.46503998e+02, 3.84982819e+02, 5.96327454e+02,
       3.45470154e+02, 5.60668762e+02, 3.44726349e+02, 5.24213684e+02,
       3.43403900e+02, 4.84760620e+02, 3.42645630e+02, 4.44377014e+02,
       3.41383179e+02, 4.00815247e+02, 3.39820496e+02, 3.55505157e+02,
       3.38906738e+02, 3.07764435e+02, 3.37465790e+02, 2.56595978e+02,
       3.35602112e+02, 2.02644119e+02, 3.34168549e+02, 1.45826706e+02,
       3.32585785e+02, 5.92541321e+02, 3.05914551e+02, 5.57641235e+02,
       3.04026154e+02, 5.20662781e+02, 3.01967438e+02, 4.82176727e+02,
       2.99731293e+02, 4.41098694e+02, 2.97640228e+02, 3.98458588e+02,
       2.95419342e+02, 3.53020508e+02, 2.93102356e+02, 3.05592163e+02,
       2.90296295e+02, 2.54892685e+02, 2.87276886e+02, 2.01691238e+02,
       2.84495972e+02, 1.44820724e+02, 2.81124634e+02, 5.89214233e+02,
       2.67266632e+02, 5.54328064e+02, 2.64129059e+02, 5.17517029e+02,
       2.61326294e+02, 4.78690308e+02, 2.58140259e+02, 4.38422394e+02,
       2.54934113e+02, 3.96156769e+02, 2.51269775e+02, 3.50629211e+02,
       2.47576996e+02, 3.03524170e+02, 2.43674179e+02, 2.53297546e+02,
       2.39493240e+02, 2.00374466e+02, 2.35317688e+02, 1.44103485e+02,
       2.30840469e+02, 5.85977051e+02, 2.28610550e+02, 5.50558167e+02,
       2.24670883e+02, 5.14330627e+02, 2.21090668e+02, 4.76085938e+02,
       2.17002197e+02, 4.35665619e+02, 2.12638123e+02, 3.93371277e+02,
       2.07784607e+02, 3.48662292e+02, 2.03149612e+02, 3.01471436e+02,
       1.97987549e+02, 2.51728653e+02, 1.92728516e+02, 1.98851379e+02,
       1.87075546e+02, 1.43094666e+02, 1.80850800e+02, 5.82370728e+02,
       1.90290634e+02, 5.47485168e+02, 1.85840866e+02, 5.10937836e+02,
       1.81064087e+02, 4.72754852e+02, 1.76247650e+02, 4.32634766e+02,
       1.70583435e+02, 3.90739960e+02, 1.65066971e+02, 3.46493042e+02,
       1.59373886e+02, 2.99522522e+02, 1.52957611e+02, 2.50129883e+02,
       1.46521942e+02, 1.97696854e+02, 1.39567673e+02, 1.42360275e+02,
       1.32097305e+02, 9.63899902e+02, 4.61205200e+02, 9.32724792e+02,
       4.66248688e+02, 8.99975403e+02, 4.71663330e+02, 8.65812683e+02,
       4.76872589e+02, 8.30095459e+02, 4.82583374e+02, 7.92462402e+02,
       4.88667786e+02, 7.52903015e+02, 4.95310120e+02, 7.11373901e+02,
       5.02132446e+02, 6.67393311e+02, 5.09184967e+02, 6.20940735e+02,
       5.16653748e+02, 5.71981262e+02, 5.24582886e+02, 9.57626282e+02,
       4.16991119e+02, 9.26589844e+02, 4.21282898e+02, 8.93711731e+02,
       4.25422577e+02, 8.59478638e+02, 4.29940399e+02, 8.23835571e+02,
       4.34632233e+02, 7.86226379e+02, 4.39465363e+02, 7.46622742e+02,
       4.44648163e+02, 7.04892761e+02, 4.50017700e+02, 6.61043335e+02,
       4.55439270e+02, 6.14654663e+02, 4.61637543e+02, 5.65609558e+02,
       4.67959900e+02, 9.51444763e+02, 3.73650360e+02, 9.20304016e+02,
       3.77039215e+02, 8.87436646e+02, 3.79916718e+02, 8.53331116e+02,
       3.83300354e+02, 8.17403381e+02, 3.86671570e+02, 7.79737366e+02,
       3.90442932e+02, 7.40234497e+02, 3.94072174e+02, 6.98513306e+02,
       3.98361603e+02, 6.54682983e+02, 4.02459595e+02, 6.08428894e+02,
       4.07219452e+02, 5.59290649e+02, 4.11793213e+02, 9.45448364e+02,
       3.30346130e+02, 9.14019409e+02, 3.32391510e+02, 8.81422852e+02,
       3.34795197e+02, 8.47079956e+02, 3.37168793e+02, 8.11215088e+02,
       3.39305756e+02, 7.73436035e+02, 3.41576233e+02, 7.33933533e+02,
       3.44425476e+02, 6.92445251e+02, 3.47350098e+02, 6.48391418e+02,
       3.49702209e+02, 6.02293701e+02, 3.53241791e+02, 5.53166443e+02,
       3.56151733e+02, 9.39249390e+02, 2.87338287e+02, 9.07797241e+02,
       2.88578430e+02, 8.75006165e+02, 2.89514740e+02, 8.40722595e+02,
       2.91058533e+02, 8.04895325e+02, 2.92174194e+02, 7.67293579e+02,
       2.93455688e+02, 7.27579163e+02, 2.94998871e+02, 6.85992676e+02,
       2.96273163e+02, 6.42241577e+02, 2.97569183e+02, 5.96053955e+02,
       2.99417145e+02, 5.46864075e+02, 3.01215668e+02, 9.33033081e+02,
       2.44915863e+02, 9.01555664e+02, 2.45182373e+02, 8.68859863e+02,
       2.45194763e+02, 8.34563416e+02, 2.45356964e+02, 7.98505554e+02,
